0.05       0.022       0.028       0.036
2       0.004       0.014       0.019
4       -0.01     -0.0005       0.004
6       -0.022      -0.015      -0.008
8       -0.034      -0.027        -0.02
10      -0.0427      -0.038        -0.03
12      -0.05124      -0.047        -0.04
14      -0.05978      -0.058      -0.051
16      -0.06832    -0.06832      -0.061
18      -0.07686    -0.07686      -0.071
20      -0.0854     -0.0854      -0.082
22      -0.09394    -0.09394      -0.092
24      -0.10248   -0.10248   -0.10248
26      -0.11102   -0.11102   -0.11102
28      -0.11956   -0.11956   -0.11956
30      -0.1281    -0.1281    -0.1281
